0 0.463235 0.380147 0.069328 0.030882
0 0.456933 0.436765 0.065126 0.035294
0 0.454832 0.496324 0.056723 0.030882
0 0.465336 0.551471 0.073529 0.035294
0 0.456933 0.609559 0.065126 0.033824
0 0.456933 0.669853 0.065126 0.039706
0 0.462185 0.727941 0.063025 0.029412
0 0.465336 0.784559 0.069328 0.033824
0 0.465336 0.842647 0.069328 0.032353
0 0.470588 0.894118 0.067227 0.041176
1 0.548319 0.377941 0.046218 0.035294
1 0.637605 0.376471 0.048319 0.041176
1 0.719538 0.377941 0.056723 0.038235
1 0.546218 0.436029 0.046218 0.033824
1 0.548319 0.494853 0.058824 0.033824
1 0.551471 0.550000 0.052521 0.038235
1 0.550420 0.608824 0.058824 0.038235
1 0.552521 0.663971 0.063025 0.033824
1 0.553571 0.724265 0.052521 0.039706
1 0.555672 0.778676 0.056723 0.033824
1 0.554622 0.839706 0.050420 0.044118
1 0.558824 0.897794 0.058824 0.042647
1 0.639706 0.434559 0.056723 0.039706
1 0.639706 0.494853 0.056723 0.030882
1 0.640756 0.550735 0.067227 0.039706
1 0.639706 0.608088 0.044118 0.033824
1 0.640756 0.663971 0.046218 0.039706
1 0.722689 0.436765 0.050420 0.038235
1 0.724790 0.494118 0.058824 0.035294
1 0.723739 0.550000 0.056723 0.038235
1 0.727941 0.607353 0.060924 0.035294
1 0.725840 0.662500 0.056723 0.036765
1 0.724790 0.719118 0.054622 0.041176
1 0.638655 0.722059 0.054622 0.044118
1 0.644958 0.780882 0.050420 0.041176
1 0.639706 0.835294 0.044118 0.035294
1 0.644958 0.894853 0.054622 0.045588
1 0.733193 0.889706 0.050420 0.041176
1 0.730042 0.776471 0.069328 0.035294
1 0.732143 0.833088 0.060924 0.045588