0 0.711134 0.410294 0.039916 0.035294
0 0.713235 0.464706 0.052521 0.035294
0 0.711134 0.522794 0.056723 0.027941
0 0.703782 0.576471 0.050420 0.038235
0 0.701681 0.632353 0.054622 0.029412
0 0.702731 0.686029 0.060924 0.030882
0 0.698529 0.741912 0.056723 0.033824
0 0.698529 0.799265 0.052521 0.033824
0 0.695378 0.850735 0.046218 0.039706
0 0.690126 0.906618 0.044118 0.033824
1 0.627101 0.405882 0.048319 0.038235
1 0.460084 0.405147 0.037815 0.033824
1 0.551471 0.406618 0.039916 0.033824
1 0.457983 0.462500 0.046218 0.030882
1 0.537815 0.463971 0.037815 0.030882
1 0.625000 0.466912 0.044118 0.025000
1 0.456933 0.515441 0.048319 0.027941
1 0.448529 0.567647 0.039916 0.035294
1 0.446429 0.626471 0.044118 0.035294
1 0.447479 0.681618 0.042017 0.033824
1 0.443277 0.738971 0.042017 0.033824
1 0.440126 0.796324 0.048319 0.027941
1 0.441176 0.850000 0.054622 0.032353
1 0.432773 0.903676 0.042017 0.036765
1 0.530462 0.909559 0.044118 0.033824
1 0.609244 0.908088 0.033613 0.030882
1 0.611345 0.850735 0.042017 0.033824
1 0.527311 0.850000 0.042017 0.035294
1 0.625000 0.516912 0.052521 0.036765
1 0.544118 0.518382 0.046218 0.033824
1 0.539916 0.571324 0.054622 0.025000
1 0.542017 0.625735 0.042017 0.039706
1 0.539916 0.683824 0.054622 0.044118
1 0.536765 0.740441 0.044118 0.030882
1 0.528361 0.796324 0.052521 0.033824
1 0.622899 0.684559 0.048319 0.039706
1 0.619748 0.738971 0.054622 0.025000
1 0.613445 0.793382 0.046218 0.039706
1 0.619748 0.626471 0.058824 0.035294
1 0.623950 0.572794 0.042017 0.039706