0 0.540966 0.428676 0.044118 0.036765
0 0.536765 0.486765 0.044118 0.038235
0 0.538866 0.543382 0.065126 0.033824
0 0.536765 0.599265 0.065126 0.033824
0 0.532563 0.657353 0.052521 0.029412
0 0.542017 0.708088 0.050420 0.033824
0 0.539916 0.765441 0.063025 0.027941
0 0.531513 0.823529 0.050420 0.035294
0 0.534664 0.879412 0.060924 0.026471
0 0.538866 0.933088 0.056723 0.027941
1 0.445378 0.428676 0.058824 0.039706
1 0.444328 0.486029 0.056723 0.033824
1 0.447479 0.540441 0.058824 0.039706
1 0.444328 0.597794 0.060924 0.033824
1 0.452731 0.658088 0.052521 0.033824
1 0.444328 0.714706 0.060924 0.032353
1 0.449580 0.766912 0.054622 0.030882
1 0.446429 0.821324 0.044118 0.033824
1 0.451681 0.880882 0.054622 0.032353
1 0.445378 0.935294 0.054622 0.035294
1 0.621849 0.430147 0.046218 0.039706
1 0.712185 0.428676 0.063025 0.030882
1 0.618697 0.483088 0.052521 0.033824
1 0.709034 0.485294 0.069328 0.035294
1 0.706933 0.543382 0.056723 0.030882
1 0.620798 0.544118 0.048319 0.035294
1 0.623950 0.600000 0.063025 0.035294
1 0.707983 0.597794 0.050420 0.036765
1 0.621849 0.655882 0.050420 0.026471
1 0.711134 0.656618 0.060924 0.036765
1 0.710084 0.711765 0.071429 0.038235
1 0.711134 0.766176 0.052521 0.035294
1 0.710084 0.825735 0.067227 0.033824
1 0.626050 0.713235 0.046218 0.032353
1 0.625000 0.767647 0.052521 0.032353
1 0.618697 0.820588 0.056723 0.032353
1 0.623950 0.875735 0.046218 0.033824
1 0.623950 0.930147 0.054622 0.045588
1 0.709034 0.932353 0.060924 0.032353
1 0.706933 0.878676 0.069328 0.036765