0 0.658613 0.399265 0.052521 0.036765
0 0.653361 0.457353 0.046218 0.026471
0 0.650210 0.508824 0.044118 0.035294
0 0.646008 0.559559 0.048319 0.039706
0 0.643908 0.611765 0.056723 0.038235
0 0.638655 0.665441 0.063025 0.033824
0 0.636555 0.719118 0.063025 0.032353
0 0.634454 0.774265 0.054622 0.036765
0 0.632353 0.825000 0.046218 0.029412
0 0.631303 0.878676 0.052521 0.042647
1 0.737395 0.400735 0.058824 0.039706
1 0.734244 0.457353 0.039916 0.038235
1 0.730042 0.508824 0.048319 0.029412
1 0.728992 0.561765 0.050420 0.035294
1 0.483193 0.396324 0.046218 0.033824
1 0.575630 0.400735 0.050420 0.042647
1 0.481092 0.450735 0.046218 0.036765
1 0.566176 0.451471 0.039916 0.032353
1 0.481092 0.500735 0.063025 0.027941
1 0.570378 0.507353 0.039916 0.038235
1 0.481092 0.556618 0.037815 0.027941
1 0.561975 0.558824 0.056723 0.029412
1 0.478992 0.609559 0.046218 0.030882
1 0.560924 0.609559 0.033613 0.033824
1 0.722689 0.611765 0.037815 0.032353
1 0.715336 0.665441 0.048319 0.039706
1 0.717437 0.719853 0.035714 0.027941
1 0.712185 0.772059 0.042017 0.032353
1 0.709034 0.825000 0.044118 0.032353
1 0.710084 0.880147 0.033613 0.025000
1 0.467437 0.658824 0.035714 0.029412
1 0.556723 0.658824 0.033613 0.035294
1 0.551471 0.716176 0.052521 0.038235
1 0.470588 0.713971 0.050420 0.030882
1 0.467437 0.768382 0.056723 0.027941
1 0.553571 0.771324 0.056723 0.033824
1 0.467437 0.822059 0.056723 0.047059
1 0.463235 0.877206 0.048319 0.033824
1 0.553571 0.819853 0.052521 0.033824
1 0.546218 0.877941 0.054622 0.044118