1 0.429622 0.397059 0.052521 0.026471
1 0.423319 0.452941 0.044118 0.041176
1 0.427521 0.505147 0.039916 0.036765
1 0.424370 0.558088 0.042017 0.030882
1 0.424370 0.614706 0.050420 0.032353
1 0.423319 0.668382 0.052521 0.042647
1 0.417017 0.726471 0.048319 0.035294
1 0.417017 0.778676 0.044118 0.022059
1 0.417017 0.833088 0.052521 0.036765
1 0.412815 0.888971 0.048319 0.036765
1 0.595588 0.402206 0.048319 0.036765
1 0.681723 0.403676 0.044118 0.036765
1 0.677521 0.457353 0.048319 0.029412
1 0.592437 0.458088 0.054622 0.033824
1 0.591387 0.510294 0.052521 0.041176
1 0.589286 0.561765 0.048319 0.032353
1 0.585084 0.615441 0.052521 0.027941
1 0.591387 0.670588 0.060924 0.023529
1 0.587185 0.727206 0.052521 0.033824
1 0.587185 0.780882 0.044118 0.032353
1 0.585084 0.835294 0.056723 0.035294
1 0.580882 0.888971 0.056723 0.033824
1 0.673319 0.506618 0.048319 0.036765
1 0.671218 0.564706 0.060924 0.035294
1 0.670168 0.615441 0.050420 0.027941
1 0.669118 0.671324 0.048319 0.030882
1 0.669118 0.727206 0.048319 0.033824
1 0.668067 0.778676 0.050420 0.025000
1 0.665966 0.832353 0.042017 0.029412
1 0.665966 0.889706 0.050420 0.038235
0 0.509454 0.400000 0.052521 0.032353
0 0.508403 0.453676 0.054622 0.036765
0 0.505252 0.506618 0.056723 0.039706
0 0.498950 0.887500 0.056723 0.036765
0 0.503151 0.831618 0.052521 0.036765
0 0.503151 0.774265 0.052521 0.036765
0 0.509454 0.559559 0.060924 0.030882
0 0.506303 0.613235 0.050420 0.044118
0 0.506303 0.669853 0.054622 0.039706
0 0.504202 0.725735 0.050420 0.030882