0 0.411765 0.409559 0.054622 0.039706
0 0.409664 0.464706 0.054622 0.035294
0 0.407563 0.522059 0.058824 0.038235
0 0.406513 0.579412 0.052521 0.032353
0 0.407563 0.634559 0.058824 0.042647
0 0.404412 0.694118 0.060924 0.038235
0 0.400210 0.935294 0.065126 0.038235
0 0.404412 0.876471 0.052521 0.038235
0 0.404412 0.753676 0.060924 0.045588
0 0.401261 0.815441 0.058824 0.039706
1 0.671218 0.408824 0.052521 0.041176
1 0.672269 0.465441 0.050420 0.039706
1 0.669118 0.521324 0.060924 0.039706
1 0.672269 0.577206 0.058824 0.030882
1 0.673319 0.639706 0.069328 0.038235
1 0.672269 0.695588 0.054622 0.038235
1 0.672269 0.754412 0.063025 0.044118
1 0.497899 0.408824 0.050420 0.032353
1 0.587185 0.411029 0.048319 0.036765
1 0.588235 0.466176 0.054622 0.038235
1 0.495798 0.462500 0.063025 0.039706
1 0.682773 0.936765 0.058824 0.041176
1 0.497899 0.937500 0.058824 0.036765
1 0.587185 0.938971 0.056723 0.039706
1 0.676471 0.812500 0.063025 0.045588
1 0.675420 0.874265 0.056723 0.042647
1 0.585084 0.520588 0.048319 0.038235
1 0.582983 0.576471 0.048319 0.047059
1 0.497899 0.523529 0.054622 0.035294
1 0.497899 0.578676 0.063025 0.033824
1 0.495798 0.636765 0.058824 0.038235
1 0.586134 0.638971 0.054622 0.039706
1 0.584034 0.697794 0.058824 0.033824
1 0.492647 0.695588 0.052521 0.029412
1 0.494748 0.755147 0.048319 0.039706
1 0.492647 0.813235 0.056723 0.038235
1 0.494748 0.878676 0.056723 0.036765
1 0.582983 0.753676 0.048319 0.036765
1 0.585084 0.813235 0.056723 0.035294
1 0.585084 0.876471 0.056723 0.038235