0 0.589286 0.388971 0.060924 0.039706
0 0.589286 0.443382 0.056723 0.039706
0 0.590336 0.497059 0.058824 0.035294
0 0.592437 0.549265 0.058824 0.042647
0 0.592437 0.603676 0.058824 0.039706
0 0.587185 0.658088 0.052521 0.036765
0 0.591387 0.878676 0.060924 0.042647
0 0.591387 0.822794 0.052521 0.036765
0 0.594538 0.766912 0.054622 0.033824
0 0.589286 0.712500 0.060924 0.036765
1 0.426471 0.390441 0.058824 0.039706
1 0.424370 0.442647 0.058824 0.032353
1 0.676471 0.387500 0.042017 0.030882
1 0.674370 0.441912 0.050420 0.027941
1 0.671218 0.497059 0.052521 0.032353
1 0.674370 0.550000 0.046218 0.032353
1 0.508403 0.389706 0.050420 0.032353
1 0.507353 0.440441 0.048319 0.030882
1 0.422269 0.497059 0.050420 0.026471
1 0.424370 0.550735 0.058824 0.033824
1 0.507353 0.496324 0.052521 0.033824
1 0.507353 0.549265 0.052521 0.033824
1 0.509454 0.601471 0.044118 0.032353
1 0.423319 0.602941 0.056723 0.032353
1 0.423319 0.657353 0.056723 0.041176
1 0.422269 0.711765 0.046218 0.035294
1 0.510504 0.655882 0.050420 0.035294
1 0.508403 0.712500 0.058824 0.033824
1 0.421218 0.768382 0.056723 0.030882
1 0.420168 0.824265 0.050420 0.030882
1 0.421218 0.878676 0.048319 0.036765
1 0.508403 0.880882 0.050420 0.044118
1 0.509454 0.765441 0.048319 0.042647
1 0.508403 0.824265 0.054622 0.030882
1 0.679622 0.604412 0.044118 0.032353
1 0.675420 0.655882 0.052521 0.035294
1 0.675420 0.880882 0.060924 0.035294
1 0.674370 0.822794 0.067227 0.039706
1 0.673319 0.710294 0.052521 0.032353
1 0.673319 0.766912 0.052521 0.036765