0 0.677521 0.413971 0.056723 0.045588
0 0.681723 0.470588 0.056723 0.035294
0 0.680672 0.530147 0.058824 0.033824
0 0.684874 0.580882 0.050420 0.035294
0 0.686975 0.642647 0.050420 0.038235
0 0.682773 0.697794 0.054622 0.042647
0 0.690126 0.753676 0.065126 0.042647
0 0.690126 0.813971 0.056723 0.045588
0 0.685924 0.866176 0.060924 0.041176
0 0.692227 0.929412 0.048319 0.044118
1 0.594538 0.413235 0.050420 0.041176
1 0.592437 0.469118 0.042017 0.038235
1 0.593487 0.525735 0.069328 0.033824
1 0.595588 0.581618 0.048319 0.042647
1 0.600840 0.638235 0.050420 0.035294
1 0.597689 0.697059 0.056723 0.038235
1 0.596639 0.754412 0.050420 0.041176
1 0.597689 0.812500 0.052521 0.033824
1 0.600840 0.872059 0.054622 0.032353
1 0.602941 0.927206 0.058824 0.039706
1 0.419118 0.419853 0.056723 0.039706
1 0.510504 0.416176 0.058824 0.032353
1 0.418067 0.472059 0.054622 0.032353
1 0.413866 0.528676 0.054622 0.036765
1 0.508403 0.470588 0.046218 0.032353
1 0.505252 0.528676 0.056723 0.036765
1 0.508403 0.583824 0.054622 0.041176
1 0.510504 0.639706 0.063025 0.041176
1 0.510504 0.697794 0.046218 0.036765
1 0.417017 0.586765 0.052521 0.035294
1 0.420168 0.644118 0.067227 0.041176
1 0.423319 0.701471 0.056723 0.032353
1 0.419118 0.757353 0.065126 0.038235
1 0.421218 0.817647 0.048319 0.026471
1 0.423319 0.875735 0.052521 0.039706
1 0.424370 0.933088 0.046218 0.036765
1 0.513655 0.933088 0.056723 0.039706
1 0.517857 0.873529 0.052521 0.035294
1 0.513655 0.758088 0.052521 0.036765
1 0.513655 0.814706 0.052521 0.035294